int_人物	int_兵种	int_形象
0	1	0
0	1	1
0	1	2
0	2	3
0	2	4
0	2	5
0	3	6
0	3	7
0	3	8
0	4	18
0	4	19
0	4	20
0	5	21
0	5	22
0	5	23
0	6	24
0	6	25
0	6	26
0	7	9
0	7	10
0	7	11
0	8	12
0	8	13
0	8	14
0	9	15
0	9	16
0	9	17
0	10	78
0	10	79
0	10	80
0	11	81
0	11	82
0	11	83
0	12	84
0	12	85
0	12	86
0	13	87
0	13	88
0	13	89
0	14	90
0	14	91
0	14	92
0	15	93
0	15	94
0	15	95
0	16	187
0	16	188
0	16	189
0	17	190
0	17	191
0	17	192
0	18	193
0	18	194
0	18	195
0	19	
0	19	
0	19	
0	20	
0	20	
0	20	
0	21	
0	21	
0	21	
0	22	27
0	22	28
0	22	29
0	23	33
0	23	34
0	23	35
0	24	36
0	24	37
0	24	38
0	25	42
0	25	43
0	25	44
0	26	63
0	26	63
0	26	63
0	27	63
0	27	63
0	27	63
0	28	75
0	28	76
0	28	77
0	29	75
0	29	76
0	29	77
0	30	72
0	30	73
0	30	74
0	31	
0	31	
0	31	
0	32	
0	32	
0	32	
0	33	
0	33	
0	33	
0	34	
0	34	
0	34	
0	35	
0	35	
0	35	
0	36	
0	36	
0	36	
0	37	
0	37	
0	37	
0	38	
0	38	
0	38	
0	39	60
0	39	61
0	39	62
0	40	
0	40	
0	40	
		
		
		
		
		
		
		
		
		
		
		
		
		
		
		
		
		
		
		
		
		
		
		
		
		
		
		
		
		
		
		
		
		
		
		
		
		
		
		
		
		
		
		
		
		
		
		
		
		
		
		
		
		
		
		
		
		
		
		
		
		
		
		
		
		
		
		
		
		
		
		
		
		
		
		
		
		
		
		
		
		
		
		
		
		
		
		
		
		
		
		
		
		
		
		
		
		
		
		
		
		
		
		
		
		
		
		
		
		
		
		
		
		
		
		
		
		
		
		
		
		
		
		
		
		
		
		
		
		
		
		
		
		
		
		
		
		
		
		
		
		
		
		
		
		
		
		
		
		
		
		
		
		
		
		
		
		
		
		
		
		
		
		
		
		
		
		
		
		
		
		
		
		
		
		
		
		
		
		
		
		
		
		
		
		
		
		
		
		
		
		
		
		
		
		
		
		
		
		
		
		
		
		
		
		
		
		
		
		
		
		
		
		
		
		
		
		
		
		
		
		
		
		
		
		
		
		
		
		
		
		
		
		
		
		
		
		
		
		
		
		
		
		
		
		
		
		
		
		
		
		
		
		
		
		
		
		
		
		
		
		
		
		
		
		
		
		
		
		
		
		
		
		
		
		
		
		
		
		
		
		
		
		
		
		
		
		
		
		
		
		
		
		
		
		
		
		
		
		
		
		
		
		
		
		
		
		
		
		
		
		
		
		
		
		
		
		
		
		
		
		
		
		
		
		
		
		
		
		
		
		
		
		
		
		
		
		
		
		
		
		
		
		
		
		
		
		
		
		
		
		
		
		
		
		
		
		
		
		
		
		
		
		
		
		
		
		
		
		
		
		
		
		
		
		
		
		
		
		
		
		
		
		
		
		
		
		
		
		
		
		
